Microsoft,MSFT
03/14/2025,388.56,19952850,379.775,390.23,379.51
03/13/2025,378.77,20473020,383.155,385.32,377.45
03/12/2025,383.27,24253570,382.95,385.216,378.951
03/11/2025,380.45,30380180,379,386,376.91
03/10/2025,380.16,32840130,385.84,386.4,377.22
03/07/2025,393.31,22034090,392.32,394.8,385.54
03/06/2025,396.89,23304630,394.28,402.15,392.678
03/05/2025,401.02,23433130,389.34,401.67,388.81
03/04/2025,388.61,29342920,383.4,392.58,381
03/03/2025,388.49,23007730,398.82,398.82,386.155
02/28/2025,396.99,32845660,392.655,397.63,386.57
02/27/2025,392.53,21127410,401.265,405.74,392.17
02/26/2025,399.73,19618950,398.01,403.6,394.245
02/25/2025,397.9,29387400,401.1,401.915,396.7
02/24/2025,404,26443660,408.51,409.37,399.32
02/21/2025,408.21,27524800,417.335,418.048,407.89
02/20/2025,416.13,23508730,415.29,419.31,412.54
02/19/2025,414.77,24114200,407.88,415.49,407.65
02/18/2025,409.64,21423050,408,410.597,406.5
#
Apple,AAPL
03/14/2025,213.49,60107580,211.25,213.95,209.58
03/13/2025,209.68,61368330,215.95,216.839,208.42
03/12/2025,216.98,62547470,220.14,221.75,214.91
03/11/2025,220.84,76137410,223.805,225.84,217.45
03/10/2025,227.48,72071200,235.54,236.16,224.22
03/07/2025,239.07,46273570,235.105,241.37,234.76
03/06/2025,235.33,45170420,234.435,237.86,233.158
03/05/2025,235.74,47227640,235.42,236.55,229.23
03/04/2025,235.93,53798060,237.705,240.07,234.68
03/03/2025,238.03,47183990,241.79,244.027,236.112
02/28/2025,241.84,56833360,236.95,242.09,230.2
02/27/2025,237.3,41153640,239.41,242.46,237.06
02/26/2025,240.36,44433560,244.33,244.98,239.13
02/25/2025,247.04,48013270,248,250,244.91
02/24/2025,247.1,51326400,244.925,248.86,244.42
02/21/2025,245.55,53197430,245.95,248.69,245.22
02/20/2025,245.83,32316910,244.94,246.78,244.29
02/19/2025,244.87,32204220,244.66,246.01,243.16
02/18/2025,244.47,48822490,244.15,245.18,241.84
#
